alpha=0.100000
beta=0.100000
ntopics=100
ndocs=37293
nwords=25510
liter=1000
